5
1
5
-1 -1 -1 -1 -1 
-1 -1 9 5 -1 
-1 -2 2 4 -1 
-1 -1 1 3 -1 
-1 -1 -1 -1 -1
2
10
13 2 -15 17 2 -1 -9 3 -8 -3 
5 18 0 -3 10 14 9 18 16 4 
13 -16 -2 20 2 -9 -2 13 -14 4 
-6 -2 11 1 6 -15 9 0 7 -13 
6 2 13 -11 -9 19 1 18 16 12 
1 19 0 -4 0 20 -13 12 16 -3 
6 -7 -9 -7 14 -16 7 -5 -12 10 
-1 -4 10 -14 -8 1 14 -17 -14 -18 
-1 13 6 1 15 -13 17 3 -15 10 
-2 -11 -9 -20 -14 1 10 17 -17 9 
3
25
880 949 809 -481 -570 236 548 720 -36 360 -254 -253 -701 -857 -351 779 238 -536 -842 334 -927 -948 -984 989 -914 
301 -143 -223 689 -630 899 -776 -816 -404 -520 520 -22 39 545 171 -434 -157 802 775 361 283 -894 490 474 918 
-495 -359 -874 576 -860 260 185 922 97 -537 -602 -344 234 -884 919 850 733 24 -251 -443 186 -818 220 775 210 
-40 795 310 470 981 267 -76 -328 -588 -566 385 475 567 321 -433 -899 866 -794 99 665 -30 941 -77 -854 -278 
726 174 730 607 696 178 -904 814 -967 127 84 -498 933 729 -385 832 -928 -115 -217 -683 336 -171 989 250 456 
371 -710 -453 675 -328 841 -925 -143 -326 948 326 338 -919 -643 274 820 -962 -194 -108 -855 372 415 -711 -785 -689 
-584 506 -787 -615 222 432 734 620 293 201 393 -685 640 608 978 311 -871 -326 -230 944 800 -879 873 820 -210 
-199 -359 -102 -939 444 789 -705 -758 -839 -355 699 -833 -273 591 607 235 -691 160 -632 -302 265 108 -42 -927 -990 
186 -328 352 -449 -421 2 -645 766 161 432 444 -696 825 -702 211 542 901 677 -690 648 325 490 -26 -297 533 
705 -920 618 501 -336 -256 853 850 382 495 -819 -928 -412 901 486 513 675 -983 -420 103 40 -346 -275 -902 -559 
479 -89 -90 -313 -115 -404 998 285 185 443 30 173 -379 45 809 985 400 256 -762 192 -792 -668 644 195 346 
757 -496 -145 -802 21 -646 333 840 862 -501 12 -496 -130 -819 -930 -29 -851 -980 -591 -520 -412 -390 -525 362 -342 
851 -738 136 -950 645 134 343 167 -339 257 -799 551 855 350 34 -84 -300 540 -550 0 -795 810 868 -794 -22 
122 45 -495 506 -584 -552 466 4 -931 -504 60 315 -716 392 -226 -692 -763 -464 -107 143 -724 469 465 519 744 
288 -297 -668 -657 862 854 -916 -888 -444 496 897 29 980 -391 -247 -501 -608 590 -832 90 647 -257 500 -818 805 
2 688 549 -319 -242 850 922 -686 502 -814 -709 -155 185 -519 785 977 635 322 969 269 647 -740 -733 -906 -537 
72 -212 -831 870 258 -263 -440 289 -763 -390 -893 22 -309 -580 122 -620 -764 500 -739 -866 418 381 -772 237 -400 
679 531 127 -997 699 168 -614 391 49 -428 -198 -728 -267 647 404 327 336 525 -233 -567 -237 685 -876 -259 466 
463 -592 -324 749 303 -142 907 40 -325 -341 -5 599 915 444 -366 547 -268 -615 -802 40 -353 -623 991 -173 -378 
-296 -290 736 -372 333 672 692 712 992 357 -431 147 -138 -650 799 377 268 569 519 362 -250 233 -172 724 -118 
-988 361 867 905 -27 -383 418 744 -446 -831 -833 630 925 -885 821 -708 -690 -222 -565 852 955 -936 6 399 -407 
-297 268 -916 331 437 -899 -596 576 -776 133 -715 -626 462 62 78 -334 -927 601 310 -108 893 726 693 -942 281 
-429 812 250 -977 -514 -89 -750 -209 691 390 -999 -285 -250 694 -63 771 -787 263 -211 -878 -749 -549 498 502 -35 
-955 322 -808 -515 -567 -481 459 259 825 -98 437 859 512 -956 821 -364 -930 -546 -919 683 -517 -759 -810 176 182 
741 793 944 101 -177 -875 -767 744 675 823 847 810 -147 -697 -851 139 719 -60 864 -672 229 524 -165 759 612 
4
50
1894 274 -1314 38 -601 1402 -787 1370 -251 1850 1417 890 391 1093 782 961 -341 1602 -444 474 -1783 -525 -1951 -1370 -764 -779 1765 -1066 -1559 -1194 685 -545 -1273 132 -1923 204 505 19 1102 -13 1173 -1990 907 1359 130 -712 -1915 425 1843 1599 
-1277 731 788 -1788 -1956 1247 -370 454 -268 1936 1246 -749 -415 1852 -571 -811 -1505 -1062 1517 1611 479 -895 -835 1896 1324 1022 1272 876 141 -1833 920 -1425 1292 531 1573 329 -1210 188 -888 1747 -1908 -453 -316 -475 -1599 -1353 -1905 1832 -271 -456 
-46 -474 -1754 961 -1760 -1567 834 -507 609 -1299 -1677 1209 215 1430 1514 -976 1794 -126 -914 1730 -953 160 1859 367 -408 797 -1977 -1959 -923 711 -744 1779 735 517 619 -892 -347 816 53 637 1777 -228 -1163 -1834 -410 -675 91 575 -1733 -1217 
-202 981 -183 1017 -752 487 -840 -1607 -1070 1828 1948 1502 -516 -1388 -1142 -1540 1597 1453 633 -743 1283 12 -1713 -1779 -1083 -751 -1875 -1553 375 -1240 -788 1914 1583 365 1783 -1335 1891 -307 -17 -469 -1850 -890 1297 -1099 -1013 991 -39 1397 1251 -27 
672 -522 -1762 1632 773 -1655 1864 -1261 -358 -1233 926 1132 -316 488 -838 -1822 -1957 1237 -1659 -1015 971 1588 -260 1351 -307 1393 -1970 310 -1202 -472 1719 245 -3 -740 -922 -1278 1742 -1398 -470 516 699 -241 471 -1065 617 652 -188 33 -1563 1885 
-1154 -183 1952 -1416 105 844 1207 1721 -1436 423 1724 -1817 -592 675 -423 -869 -626 1725 544 577 1834 -231 873 199 -1332 1388 -694 434 114 -389 -937 1268 -1421 1616 1595 426 1918 -1285 1123 1656 -1288 -1604 -1509 853 1557 504 358 -1839 1904 -948 
-73 -745 -1516 323 -1800 849 102 1404 -318 27 1198 -1528 755 1831 1645 262 -313 -819 -1318 928 -733 750 1525 508 1692 -1088 -53 567 -1694 1405 -666 -1947 718 -211 1259 -964 1736 -1466 -952 -1373 1277 -490 1503 727 1088 557 1073 851 1135 324 
-1069 -1723 405 -1939 -262 -1749 1036 1901 436 1013 605 -1262 1063 1570 661 -1548 964 -119 -247 825 1951 -360 -20 1121 777 -678 855 1177 -1935 932 722 451 1263 -848 1078 -1570 1503 -425 113 -761 -97 1104 697 -455 -867 -1383 -1180 -1556 -768 423 
-454 1072 939 -1484 -1680 -1774 -683 -1685 1390 1965 270 -735 831 -159 -1653 774 1810 483 1415 1639 391 -1486 1302 176 4 711 -1480 944 898 -1914 -990 782 -1137 -1588 -444 -497 -815 -127 -1270 1842 -1519 697 266 1348 1725 380 -1358 1201 619 -1656 
-243 -1185 -1825 -803 891 -1600 -1794 -1577 1885 -1727 1716 -1375 -973 952 -763 -513 1311 -900 1820 1473 411 1347 661 1696 -1960 -1150 785 1154 -845 82 266 1449 226 -1305 -347 -319 -521 779 -1038 377 819 -1499 1214 1191 -1434 -522 1416 1479 -1158 -775 
109 602 -180 -609 236 1546 27 1415 -252 -1905 -1800 -378 -511 452 -556 560 128 723 -815 -1331 -569 -712 -157 1020 -309 -445 -264 -1978 -355 1075 -1724 -1955 -1223 -521 -1509 -631 -1546 1855 1592 1420 -1765 -1181 922 -582 45 -408 -279 -816 783 1245 
-1326 -1256 748 -1584 404 911 -1436 897 435 801 913 1508 -1131 -96 1187 -751 985 -11 1862 1256 -1733 -1825 -537 -1175 -1267 -658 -1092 -426 1819 -1242 -1601 -1669 1162 507 -932 -234 881 -766 372 -1445 -129 -861 1704 1513 -1674 637 -943 -1344 -1310 -928 
-1299 -596 -726 -554 526 -984 1115 -101 -685 1925 385 485 -1123 191 -68 -663 1007 646 1339 741 767 997 1800 1202 -1519 1608 39 -226 1231 134 1265 -1486 -522 981 -1996 1252 399 938 -381 908 477 -327 1279 -259 1998 1196 1577 -354 195 1868 
-1987 156 524 -1152 -715 -1537 -1273 -664 -428 -1941 1664 -1247 1958 285 194 -311 -1704 1784 1656 -459 823 -219 -134 1355 -1476 1118 -104 363 477 1722 -994 1266 68 658 776 -1377 -1298 1513 385 504 -1827 691 -1326 716 -1439 707 70 -1745 159 448 
-12 -821 -1105 -1995 -1827 -1192 -161 -61 -1410 1353 324 1923 -211 1701 -1646 -599 534 1758 -269 255 412 -1779 505 -1161 459 -859 663 937 -1895 431 -232 -1376 966 91 1513 -1339 -893 -624 1107 -1537 -304 1988 -1885 1443 -1607 -186 -105 1992 -833 810 
1846 -1054 -252 -1177 1674 131 332 -205 674 -1034 -242 -1769 -251 -1854 -1480 -83 1460 1664 1598 943 -861 1684 1947 -784 159 -931 167 1274 -1843 1730 1926 -1496 -1418 1158 71 706 1717 1403 -794 1088 -1964 98 1506 -1785 -1104 -1939 -302 1704 272 1278 
-1931 899 1958 -1717 -1284 1669 551 904 -1564 -750 -1978 -1350 897 1448 -728 1574 -1925 -1470 1601 708 635 -1168 -1738 -1729 -1715 -1556 1694 -1370 667 1140 -169 -1673 -791 1658 -1288 -1077 -265 -419 -543 921 1546 1457 -1943 2000 -433 -1589 71 -1808 159 -17 
-1541 -206 -230 725 930 1217 49 -1235 792 1328 1953 -683 1809 746 -319 -585 -1477 -1283 1575 -1129 -1650 -1111 -460 -129 998 720 1782 -1191 166 -634 493 253 -124 -861 1639 1387 -873 -1739 -1748 47 1773 -1437 -1282 1973 -334 -216 -1872 -608 -1323 1991 
964 -1898 -1506 -1549 -997 256 788 967 -1016 701 1571 761 1231 1832 844 -1081 392 -1439 -948 1843 -1193 -576 663 -1763 970 -1273 -1549 1804 212 -166 -1850 1526 -1771 -279 -1541 -1437 974 -123 -1979 -1890 -1984 -453 -1912 396 -1977 -1284 -1198 1281 -704 158 
1930 -1805 -597 -186 143 707 1347 -355 -1758 -280 -1187 -751 -1431 -684 -1940 -424 -1115 -985 755 -1458 -258 1492 1321 -545 72 366 1742 1928 -1399 1584 457 -1273 1534 1426 1711 1157 -1141 -1978 851 -1126 427 806 1072 1169 1526 89 -1740 -1078 961 1952 
1625 -434 1160 149 -303 1935 703 1116 -968 268 -460 -1875 -1861 -534 1708 954 -1382 -343 1346 966 842 524 458 1924 -1135 -1851 25 1989 -726 -344 905 1588 1880 804 -1586 331 1825 1138 950 -833 -995 -435 1845 694 -1793 974 -1916 -966 -1967 -1935 
-1412 16 -1923 -1688 823 11 811 -1951 -764 169 1905 1080 -718 976 1518 1137 -1905 1504 -1741 -137 -909 -884 1025 1912 1151 -1229 -1877 -748 1125 275 -1880 1112 20 -377 -1366 -643 -1169 840 1024 1194 301 -40 1794 -863 -312 2 1834 -1811 1440 344 
-1600 -930 1956 669 1957 -1578 303 -1706 -492 -1051 316 1358 1987 -1646 1721 691 1509 -1540 -413 -985 838 1488 -1753 665 1981 -822 -1733 903 1062 889 893 1983 -1720 365 918 -1151 1884 1236 1556 693 -1940 595 -22 -202 1273 1331 1463 580 -984 -729 
-1741 -504 1367 -417 -1446 -1960 1867 -1565 1232 1993 455 -1573 310 1527 -1706 1235 -1818 -969 670 1035 90 1571 120 -356 -543 -1295 -398 127 -1296 -1379 -1132 1117 -1432 -1445 -1818 395 -373 1818 1968 1064 -658 -1584 -1997 1020 1236 -1466 715 573 -256 1907 
-125 -755 -1703 -1495 -376 -1326 929 -1978 576 1089 1835 -1399 1897 733 1540 -421 1876 -620 41 -1820 -839 1585 1430 -1847 1199 -94 -1098 259 -587 195 144 1758 81 -922 456 -1712 1149 -52 -1642 -1474 -1947 347 -1351 -1721 534 -1263 -768 509 -1746 1022 
1580 -1472 962 -1800 -648 -1221 1510 -1412 -51 1447 -1862 280 753 -779 -636 -1713 1297 926 1629 -670 -982 -1412 -608 -1702 154 -1651 328 -368 -709 1637 149 1305 -83 -529 966 999 -963 -1300 -96 -886 1468 538 1761 -828 1211 -992 -978 610 1994 -1126 
-1644 -389 -509 -109 -1590 359 763 -1002 1468 -399 1909 92 -396 -1241 1934 556 164 713 -279 1158 -1912 -967 716 -333 -1253 618 -13 1144 -1387 1087 1615 -1433 -1494 984 906 -1526 704 1733 1340 107 -1020 1954 -1691 -1406 -1834 178 -561 1583 -90 1476 
1190 -1014 -732 1681 -119 1222 965 1009 858 -1715 1672 -215 -807 -1868 -1633 -476 -1537 728 -913 1886 -1845 -1989 -1469 -1357 65 -59 -1120 619 -346 -1958 -568 -694 -224 1095 146 -1346 -400 1005 -882 619 150 886 -1251 271 413 1668 1831 1474 -1609 -1921 
634 1308 1171 -1742 -1855 1307 -506 -241 1529 -1558 245 365 40 1908 -1357 1986 -114 855 -843 -1691 -1449 -1353 1978 991 -1140 660 -1834 969 -1337 196 -1493 107 396 1512 -1965 1131 965 -1577 -1973 -727 -1368 -1248 -192 -772 -37 -654 -18 995 -1811 409 
1047 886 966 -1825 524 1760 -1965 -1435 -6 -1438 515 740 -1104 -97 -1077 1795 -193 1846 -1507 438 -637 1299 -547 437 1110 249 266 -149 -708 -1707 1217 -1736 -1591 178 -336 -310 41 146 -476 -1850 1405 1429 -1371 1757 -1528 716 1507 1719 -7 1591 
110 1878 -1975 -35 -1249 170 603 -226 1617 1057 1383 -1117 626 596 358 -1640 -1414 321 -189 978 837 -163 -963 245 -1867 -1658 -60 -1175 -1826 1109 1027 -1229 314 1715 -428 -242 782 1365 -330 326 1597 -280 1132 -1878 -1664 -1602 1893 -1935 -449 1841 
1183 394 979 313 -1741 1179 1269 717 830 1626 1974 -1668 1515 -1277 1966 -1957 -374 1995 -1456 -497 623 -80 -890 -477 445 -1317 -517 1414 1980 -1624 -1545 187 -1946 131 -1823 -1950 -1674 573 1118 -258 -1538 1345 -351 23 1749 -201 281 -876 -119 826 
254 807 -1298 1026 -302 790 57 1589 -1298 -354 -1762 350 -643 -820 -1606 -1245 918 1305 -777 -1737 -317 446 1948 -1716 968 1836 1432 1003 1875 1860 1818 -1523 -1337 523 -1924 -1434 1263 490 -267 -821 887 -1598 1975 740 1150 806 1198 -329 -1577 1834 
1303 1021 283 498 -16 -1660 1191 -309 233 832 -558 -965 -534 288 -533 1203 -156 679 341 996 -1176 -1854 -1089 -745 -1817 -1730 -152 -1829 289 -888 1417 1181 1647 -1652 1638 -1787 298 242 -1199 812 1232 -1000 1077 -878 166 -1090 137 -619 -1970 1474 
312 -197 -1048 -1985 1627 -1481 788 881 1345 70 1283 -330 -162 1912 1506 -1316 -1938 1310 -74 312 -1460 -1594 -1083 -1087 -1530 954 1326 592 -1117 -1865 1111 1996 -808 -1149 567 -852 902 1335 -880 204 1411 1658 -140 7 -592 -1143 781 -1281 995 1390 
1971 -1052 -1354 986 -1015 1951 -327 769 141 -349 1896 1568 -551 -1978 -1403 1686 -92 -503 587 -1177 1722 -1394 1896 1013 -508 -1900 306 1392 99 1320 508 1739 -1914 -1101 580 564 61 1186 896 1728 -123 763 1621 -1195 139 1027 -1979 -467 43 330 
-1971 653 543 -1852 49 -661 -1522 560 969 -1609 -1262 -1438 1518 5 -284 1471 56 -300 179 -334 -1095 1357 -1171 676 967 -5 161 1975 1317 -1255 -1694 1268 1796 -7 1982 -1896 -1762 1526 1389 -208 573 -242 143 501 -1946 -758 368 -159 1532 -304 
583 -1588 -611 105 -1121 -1511 -621 -447 -295 1244 -1025 -925 385 -1235 232 1319 -914 -1038 1671 -1940 1139 -1446 -968 1939 -271 -1598 310 668 -377 -1500 -1799 1919 404 -1860 -1127 -1696 1699 621 -1238 1675 -1629 -531 1088 -1556 -1769 -1129 901 -152 112 -1577 
-1810 -119 156 440 1762 879 320 -775 -1726 1383 -670 -1224 1519 1717 -498 17 -239 -1549 749 -1683 -721 -1180 1447 -544 -1897 -1347 1110 -1052 106 1342 1484 -1356 1522 -476 454 1873 -327 -1686 146 665 376 -110 164 347 1395 985 388 -55 58 -1073 
1078 1944 1071 1236 -853 267 -890 -1852 1109 -1288 409 -934 1315 -248 226 1972 596 873 -1102 -521 650 -653 -399 99 872 -1036 -478 -1361 -1502 1522 1164 -1244 -1997 1935 1780 -571 -621 -1625 794 1542 1351 -1287 350 1590 1129 1572 746 -1430 -1066 294 
-173 1676 200 -1365 338 -1439 1709 -1543 1569 -1378 -1039 1555 -680 645 -1567 -719 543 -1549 -1785 1749 1722 1324 -1736 -424 728 226 1656 1898 -1359 -1170 -869 -937 348 -574 1336 -1657 89 1232 35 1766 424 1139 590 -1931 1407 146 302 367 1240 -1901 
-101 -1190 1576 155 -894 276 1560 71 1516 -258 -649 1664 -325 -1538 -1673 -682 -1237 -1260 -801 1190 -1275 -857 755 176 1611 -1699 1142 -1986 -1147 1369 -274 712 -118 -1565 399 1334 -1838 625 1883 -754 58 1048 -88 1109 -1916 -916 373 -555 -842 -1932 
-1830 -801 239 -802 -1554 1988 1936 1184 401 609 -600 60 -1121 893 1023 -1287 -645 -712 -1732 -251 -808 1656 -721 14 -758 -1875 1188 639 -651 -1081 -1674 -976 -1177 -93 -1174 1853 -355 1849 -833 1900 -1619 1212 -955 -195 32 -971 -127 -293 1484 885 
1849 645 -1998 -1294 -1895 1012 -145 -1681 1880 -1854 860 -1359 39 758 -101 -157 524 1382 -1528 1580 -925 288 -1562 1751 1718 1564 298 -229 1148 414 1423 -644 -1647 107 -435 -410 1152 -1614 -335 -822 85 225 1727 -226 241 393 -1026 -1538 -279 135 
1792 -1496 359 -320 -1237 796 858 847 -751 793 -745 -676 -1069 -1901 1788 -1960 1874 -1476 -1278 456 -575 355 -682 1083 1793 504 -960 -493 1988 -1658 311 -1185 -1277 -1031 -593 1384 188 -920 -989 282 -1284 1554 1530 1863 1166 395 978 -1575 -344 -1255 
529 -765 1767 -1095 1361 -1757 1636 1559 -1002 892 755 1746 1780 -1800 -1634 -1655 775 878 -855 -297 998 89 -1972 1776 -525 -572 602 -315 1305 -406 1143 1279 1974 710 -1562 -992 -417 -417 -1425 1656 -1918 552 210 -222 -1361 -101 -1439 -1452 -1290 1136 
-1298 1446 940 -957 493 -1797 -195 -129 1113 -1942 -825 -804 -1459 1890 905 -1440 -1690 -993 -1615 -1426 1910 -1190 -50 -1053 -832 1508 -1288 -1644 923 -523 1145 825 769 -1028 -207 -970 -1083 1368 640 1018 -307 -995 1827 1232 -1682 -1112 1062 442 1851 -1349 
-523 1 -807 -695 1948 1749 -720 848 1410 -1629 -752 1093 -1337 -173 1892 352 1540 1254 -1153 541 -489 1149 933 1902 1803 1016 -322 1130 -1849 -780 925 -912 -606 -1759 -1277 -796 -1652 -156 1598 -1363 -350 -706 632 -1138 1057 -1525 -264 -1702 -1289 -1974 
-1433 1821 -1325 -1005 -697 286 197 217 1807 -1308 -709 218 -1762 -164 944 -1973 -1709 -1924 -1924 572 1251 354 422 352 -613 515 1526 599 -1193 -1832 189 980 -1380 528 -1718 -734 -1607 -420 1893 1338 -1856 1717 525 1971 -865 91 -1481 -1355 -329 -1964 
-1216 1248 1528 885 1543 83 -1435 1085 480 -1319 -233 -1279 -400 -1426 -473 -1474 929 -880 -1849 -630 1842 475 -1126 -151 346 228 -203 -1065 785 -745 1374 699 12 -363 -204 -245 -143 1860 -1281 -1651 217 -1024 -1881 122 -1075 1629 -1450 225 -1863 174 
5
100
-357 -873 1063 277 -1085 1278 658 -1569 566 856 -8 809 169 -1017 509 1964 1581 1140 760 -1350 377 629 -237 1155 -757 -823 -832 1032 -1553 15 845 -1986 -1426 485 -394 28 1169 1697 1051 -1241 -138 -258 -577 -626 1565 -965 -1566 -339 -1513 -628 474 1015 -153 -252 -725 -379 118 1340 -1354 508 -523 353 -48 1444 730 1720 -1173 807 310 1062 -1956 -160 -1256 607 1187 613 -950 582 875 -1862 760 -88 -228 -413 -863 -1923 -1124 472 1124 1464 1743 -1866 1876 918 1012 -1044 -1468 994 -1086 -1958 
717 -606 329 760 -1371 -612 -1579 738 370 574 -1875 -742 -240 -1616 -786 1076 -728 -1754 -1901 1297 1477 -191 631 -1457 -1380 -1027 -737 1024 -1717 -1368 -918 761 1785 -1302 560 1816 -1945 -94 -905 -921 1250 -1494 -1629 1337 -1552 573 -1810 62 -1982 -846 1408 1863 -969 1279 792 -1761 -1537 1006 -1125 -1432 1883 -398 -147 -1939 -353 281 -236 1278 676 906 -1037 -963 -328 -340 1767 -96 1667 -1370 -882 922 1118 -1763 470 667 -1517 -1342 1016 1042 -900 47 1706 487 351 -962 -179 -884 -63 -566 457 1874 
-1495 -1265 -910 1610 842 815 -888 -296 -629 391 -1516 -856 -187 1203 846 662 686 -1101 1402 -397 -2000 -1849 1782 -629 -1416 -1565 1368 1730 -495 274 -1719 1262 -1804 -1813 1851 -135 978 540 -340 -546 -1360 53 -1916 -948 -395 -1985 -1456 -1987 -189 -886 1839 170 615 -844 1298 1784 1081 -1786 181 -16 1464 900 1610 1355 1241 -1582 -1835 466 -479 1664 1589 806 -330 -1264 -496 284 1213 1187 20 582 -1052 -1218 1042 1824 1895 1645 1659 -497 -1025 198 -1979 -168 -1581 1195 703 -241 -233 1507 -494 -1089 
1411 1560 -1514 -616 -1745 -1791 -85 1588 -384 -1267 1622 -280 -1491 -456 -3 476 1526 -1259 -325 -758 -999 -1906 -324 61 -1800 -1177 1032 -1465 -1735 1416 933 291 1844 1107 -1610 789 829 880 1240 1789 1011 451 -1100 1716 -1700 1206 39 -1605 697 1357 -1390 -793 1774 -1746 1522 292 -345 479 -1286 958 -897 1515 -1748 -1471 -764 -1034 -1733 -1690 -1817 1802 -731 546 -627 1164 341 -1171 -1511 -545 770 -355 -188 -857 -385 -1945 1022 1194 1443 220 1608 354 1839 -486 -1273 -1429 385 -1135 -1738 -1938 771 -783 
-1769 -1810 -1458 -891 -862 -42 1835 -224 -398 1868 -139 918 -945 1059 1326 -1858 -1923 70 -1568 1134 381 -813 379 -93 -738 1244 -1487 -1590 338 -895 -796 1708 1241 -852 -813 -1194 -1001 -1537 -1519 -1516 802 -304 294 -1776 312 -436 -488 -207 910 1447 234 1916 -481 1980 -477 290 -608 -412 -1346 71 -1907 -174 -1920 237 1360 -62 1882 -1445 -853 -1428 1552 -1903 94 -1437 -1644 -353 -1998 143 391 550 1086 -990 -301 1522 -1657 -1244 1382 793 1199 1067 1851 -614 701 -1018 -1921 -569 1858 -1051 -150 -1892 
-1765 1683 1723 -1791 1359 -987 607 381 1767 -1937 -135 -835 1574 -1871 -813 502 -606 569 239 2000 -116 -1454 -786 931 -971 -1927 1571 1894 -1642 1493 -1133 -1946 211 -264 881 392 -1643 -1768 -1288 -1062 465 1619 -1990 1330 -1343 -1461 647 241 -1291 248 -1455 185 -1752 777 -73 -1331 -1031 184 -1668 958 -1152 765 -1223 1333 1204 1698 1083 -1334 1210 534 -1393 182 -505 -636 -171 984 1542 -344 1057 -1806 1069 -1110 1961 -879 971 -1330 958 -1156 -1614 102 -167 -627 -1290 125 -29 -1803 1880 1555 1312 -488 
1154 1913 -464 -470 -526 879 13 -1757 1510 -738 222 -306 -13 1858 -446 752 1848 -1735 -175 331 1408 -1803 -12 142 -1353 -1945 149 497 -1874 1561 721 -622 1026 1487 -1189 1034 1757 -1714 1422 -42 -277 -1939 1739 -894 -760 293 -1919 -727 -203 1282 -643 -1925 -1382 826 120 1201 280 -797 801 913 87 1751 1673 -1589 -938 1299 1536 -1462 438 1695 604 671 -779 1404 -1492 -1332 -1418 -115 472 -941 -1908 565 449 -1658 -378 1648 -1516 -1541 67 1621 -1755 1721 1887 1666 1177 249 1099 997 -1882 243 
-128 -1968 -1722 899 -1355 -1479 -774 692 -1495 -454 -663 -786 369 1603 545 -734 -479 303 -218 1042 -412 -1 -171 510 -1615 908 -1308 1944 -1914 1431 1800 -60 1149 -545 1610 -1628 -1489 1570 932 325 1003 -230 983 -703 1659 808 880 776 636 501 -636 -1475 1541 920 488 -1257 -1296 306 1849 41 -1903 1054 -1434 -1263 579 1423 1175 -724 457 1069 1417 -1694 1563 -1723 -880 -1439 -167 1717 755 -564 307 690 551 1702 1741 1883 1425 1199 705 751 -40 301 -1676 1245 275 853 -1747 414 1238 1489 
-1524 -776 -1182 209 -345 -670 1912 -247 -1359 -1973 781 844 -1667 -1377 1310 -1425 1123 -487 1915 725 1465 1877 -725 177 315 25 1051 1822 1479 1177 -250 -858 -314 -1880 -936 -1078 248 216 926 1313 -1807 -676 -1882 -771 1533 -1960 1299 847 1740 1362 -701 527 1080 1863 -1795 -1664 258 -702 329 -1228 -1697 721 -1927 -219 1077 -268 632 -794 1808 -755 -1059 1375 477 -1885 1715 -623 701 -1258 1862 -1054 -1995 -1139 1948 644 1147 -90 856 -580 1181 -104 -1909 1665 -209 -641 18 -795 -758 1712 -696 1136 
-1222 -249 1386 -1674 598 1270 109 -334 892 33 515 -239 -1791 -672 1061 1186 961 -1274 1017 -237 -11 1770 390 1296 -1293 148 1564 -611 1411 -682 178 -1621 -895 1332 136 -30 502 -656 865 68 -860 1483 -1058 -1368 -1758 1764 -1133 1380 355 -440 -871 -1567 227 -964 -1415 -1188 1114 -72 -383 1039 1652 -505 893 -80 -529 -1870 -764 -1639 -1708 -1985 859 -1852 459 443 -1207 113 1393 291 1182 -996 -860 -74 363 675 -483 -785 -174 -1321 1255 565 1535 1314 1435 1829 1162 -1386 -1183 -970 1180 -1032 
-329 366 -967 1268 1639 811 -389 -1271 1027 1680 852 -1809 349 -880 -1745 -19 -1877 952 570 -1048 -1332 1707 -1918 1831 1826 1028 -276 1871 -696 223 -130 275 1941 -1118 -1880 -1822 1930 466 -615 -55 1912 -380 -728 670 -1209 -815 -167 24 -1816 1053 -1417 -1479 -645 -1496 953 -304 249 -514 -1852 213 591 1399 -1103 -1064 1041 -546 1403 -571 -1921 593 272 714 1173 -1831 1424 -1281 -266 -1775 -1228 -35 -80 1731 183 -1371 -1187 -105 -469 672 1530 1964 1794 1961 594 37 -1219 825 -1970 -146 -1012 1159 
1858 -1361 -360 1685 -1228 1827 -680 -266 224 1849 917 -1337 470 -1401 993 -924 -1961 597 886 295 571 139 -1916 822 451 1877 972 -1458 -1674 -740 1536 -1377 -1272 316 745 -41 -408 694 1522 702 -991 -72 -681 -571 -1710 1640 -1297 -1988 -1992 -1166 -501 -1246 -327 -1663 -1764 -456 -443 1682 -155 -371 467 -1748 -1267 870 -1303 1878 -1949 -1385 -1405 -961 -1342 405 1853 879 -798 -454 -764 1274 -1962 -817 -1284 -1387 -461 1253 -21 1529 294 -776 -1954 761 -1293 -1645 105 1297 -904 62 1469 -915 -1808 1183 
620 52 -1334 -1742 18 622 1196 755 1523 -1713 1788 -1593 -626 966 -1136 -1593 -1215 -676 1329 76 32 -74 -686 687 1256 -220 449 434 1764 -1762 -30 406 -1134 528 1276 992 749 861 1899 -1234 -277 -368 1290 1099 -65 -814 -500 329 -1289 -498 482 -656 -116 1012 -1932 1802 -1429 216 406 577 -1715 387 -1846 -1760 1930 1704 279 168 23 1082 559 987 -1711 1661 1194 742 -1391 1872 1162 63 1774 960 685 -1090 714 -362 1063 -1146 1544 40 -1352 -1607 -8 1879 647 1099 -273 -1578 -1978 185 
-677 1036 1355 36 1272 612 215 1178 -895 -1155 -1027 -1095 1588 1523 455 -33 -1630 -1073 1598 691 -1699 -949 -1353 1381 -177 -673 -686 606 1573 1209 1399 -209 866 -21 430 -1493 121 -1874 -660 -1679 -1167 752 -732 -1191 -1593 -1102 580 -218 1442 1307 -1896 -1109 575 -27 1184 1870 216 1612 1434 -1639 1902 473 -631 1052 1130 470 -1700 -552 1884 -1990 -859 159 498 222 -213 -1260 85 197 -84 -1264 774 -53 981 -29 -509 -1066 1865 -1456 -414 -607 -28 -1104 -496 -732 1446 386 -191 1330 968 -1641 
1208 -808 743 -1448 1266 428 -40 599 353 1935 -611 525 -1569 -679 1555 416 257 -817 -1433 644 -1390 -404 823 1478 1533 -1190 1687 -1717 -1141 -1595 324 716 899 -1994 1057 -842 -199 -1673 -613 -1264 542 510 -1808 -804 -1260 1888 1801 1929 -523 -1103 -762 1280 -1300 -310 -1951 -1414 1777 201 -540 832 213 -194 -531 447 1841 1707 -1699 -1256 -1254 1622 115 -1759 1381 -1516 -131 113 -1999 -1832 -1095 -1336 1356 -627 -1348 -642 -1991 -113 165 1635 865 1944 -556 -1051 -1456 -574 154 -67 -1202 -845 1528 -1088 
525 554 360 -106 1678 -1696 -1771 -249 -463 1430 -1018 -1247 -1546 833 1093 -1582 -571 -1056 -911 1532 -1937 -53 -1137 388 302 -577 -1425 -469 1172 416 1293 581 -1985 -1608 -732 1688 -362 582 1914 1901 1128 -521 312 -1984 -1265 -1377 -1569 -966 -651 1401 1952 -642 1761 -1237 -508 977 1637 497 620 52 1203 396 1264 -221 1599 -1329 913 -408 1830 -1433 -650 -814 -429 391 1348 -1748 999 -986 -910 -1587 -1103 1782 1772 1209 -61 -413 1934 415 957 -1908 -416 -483 1011 1688 -625 611 -848 1944 -944 1269 
-826 1401 278 -657 -1114 502 -251 -1531 -1317 158 38 315 -58 -566 295 1832 -777 1018 1061 197 1410 -1040 -1549 1166 -166 -1234 -1129 -746 53 -689 -1130 353 -284 383 -258 1425 1351 -549 583 1374 66 853 -446 -1146 -1390 -1071 398 -529 1836 -941 -667 931 1161 1350 1135 1448 -1972 -490 306 -1760 896 616 736 -1066 1376 -541 1338 1314 -1263 -1137 1849 -1118 65 1299 -296 221 -1756 903 925 1583 -124 1599 -999 -702 -686 540 1997 -253 -449 1202 1539 1695 1297 -1756 441 316 -1565 737 -1271 491 
1281 427 -8 -1595 -527 -899 -1855 -564 -309 1493 130 -1444 1807 1926 -378 815 274 1589 1287 -296 -243 1009 1743 296 847 1609 -536 255 1533 689 1369 507 -245 -186 -374 771 1166 1268 -1198 -1366 -1949 1863 1955 276 1964 -505 1303 590 -1858 -1421 -1536 -110 1598 -1739 -126 -163 -881 -1137 -549 -278 -814 -528 17 -1211 -1370 -1 777 1537 175 1172 1189 -1493 1166 958 -730 320 -955 1645 699 1807 -1960 1101 1918 -669 -375 173 963 -1816 -536 -1015 497 -1579 1033 1127 1986 1798 -1842 222 -565 -1765 
1613 1389 -1674 1338 -665 1990 1876 718 868 357 1296 -1238 1828 -1957 964 -213 552 122 -1416 -1202 -310 937 -1135 -1769 1828 -1665 1411 -895 1047 745 -997 -666 -1253 1338 346 -998 -1362 431 499 -1765 -395 1778 -1635 306 -1419 1042 328 -529 -1315 -1391 -376 1214 -893 1466 -1770 -236 -76 427 223 1879 1024 -1905 -951 -727 -1831 122 -352 971 1893 -940 -1203 572 -1928 695 -270 883 1161 274 705 291 -825 581 -1243 -684 -720 -1662 -1008 846 -443 -349 -624 1361 -205 -1417 1595 -1534 -614 731 1941 -730 
-866 159 1358 -1840 -1320 -978 -1479 -1949 880 -1816 677 -353 88 -174 1486 -1691 1756 -889 -559 -1766 -404 -616 937 1626 568 -1696 1584 1022 -16 312 -1000 1798 -583 -1729 1694 1126 961 -883 -1303 -1598 74 -1004 -1965 1116 810 -1424 341 -1494 58 -401 -443 945 993 1165 478 -418 -1476 94 -1866 262 -572 -857 -847 -235 -223 1728 -232 -1671 1564 1701 1727 1163 1056 -1558 -1259 -237 885 1430 -556 -1982 -511 643 1007 162 -664 -1586 1163 1734 -132 -1905 -709 1961 -1698 421 -1485 1980 -1256 1399 -1806 804 
-223 1657 1427 1631 -1881 -1206 925 -1648 -1305 -95 1944 347 -187 -652 1627 1049 -1426 -1281 -339 174 1261 1955 -453 -1373 -1692 -1533 29 1319 -1169 -1858 -1968 -922 209 -1489 1883 -1582 1334 -1411 1923 861 1746 1408 297 -1973 -192 123 943 1979 1293 1551 -1485 -926 -1618 -1661 806 -1534 -1732 1770 -1573 257 47 118 1272 893 384 -320 -1232 1255 -11 -1851 -1519 -284 174 -496 272 1953 715 -1882 -592 -1462 158 542 252 -1322 -1109 1224 1898 -1108 -1878 217 1750 -379 -98 -250 -1929 163 668 256 -1212 -821 
-646 540 -482 1324 -280 -1113 182 1365 -1209 1512 -1595 -1228 -6 1210 510 -896 -53 1804 862 -1463 1410 -418 -653 -447 1402 -1514 1037 -944 -1456 -1542 -1287 -414 -1044 888 1156 539 -756 -829 -346 822 -1726 1781 -513 -825 -296 -1524 1195 -1739 -556 -660 -1612 485 -1694 -197 1879 1026 -1227 -1963 -1054 -1323 1376 392 -896 -1297 581 1067 -1073 1435 -518 -144 -382 -1525 -1581 390 -1349 -1024 -1651 1426 -1719 1177 19 598 854 1792 -1409 -60 -211 -631 502 -1341 -18 -1899 883 603 -650 833 472 1492 1296 535 
9 1845 1558 1311 180 -1894 -690 1099 310 -1733 1055 187 -1435 1364 -436 -789 -563 -1262 1597 1984 -189 110 1059 99 1145 1 1871 -890 1894 -1917 -70 1097 560 -1318 262 1147 290 -800 78 -1561 -1874 -1386 -654 -494 -1565 -30 -485 -532 99 1306 366 1107 -1338 693 218 -1827 881 142 -89 -1456 -672 545 390 555 -1052 561 -929 -604 -1299 -1515 1464 -1931 -65 -999 -463 1139 -1238 1492 -1372 -1499 -1531 -325 1709 -1433 519 -1787 -529 -1717 -1592 1503 -1492 419 -1724 364 -1317 -166 -374 593 -1369 -935 
-1616 1522 -59 833 -1007 1570 -1923 1447 -1346 1549 -1761 -56 1560 1763 1309 1028 1579 263 -524 -1162 1164 446 5 -589 -542 -228 1268 -446 163 -983 901 1716 8 1931 154 229 1677 902 -793 -1618 1202 783 -1114 -1838 -21 887 -604 -13 -1219 -1306 103 -536 -779 -1263 56 1510 1851 1063 488 1549 -1510 1475 1145 19 1542 -683 -1844 1248 -522 -1294 1234 1974 -248 -658 521 -783 -1023 -989 752 535 -1436 -854 -131 1000 1494 -1975 -1897 21 412 516 -101 1625 895 -989 896 -515 1891 592 449 576 
253 1334 -989 -159 392 -84 781 -1618 162 265 -537 -924 103 1040 1258 739 -1225 -1116 416 -639 -401 1713 -777 -1477 304 -685 -1202 1694 -259 -593 -1538 874 971 1300 707 -320 1186 1460 -1767 906 -1741 656 -1833 -111 74 -1461 -114 -1295 -1025 1770 1815 1544 1364 -260 632 -1520 1244 -1280 -236 -1419 998 721 1314 1253 1243 -238 -967 -461 -22 -49 376 -1031 -405 842 -1670 1046 -1631 1115 97 1102 -116 -978 908 -1628 -358 227 946 1903 -1883 -277 -1229 636 -1417 994 773 -1959 -482 -1476 13 1541 
-447 1911 -368 249 -1348 399 448 -268 -1338 978 881 1620 1370 -1332 1611 -952 1866 -452 -565 1453 1691 703 -1409 -1019 -121 -1531 -184 779 124 793 1459 641 -770 -155 -1884 112 -767 1270 -918 1969 -916 1646 -320 889 221 -146 -1330 1043 964 1380 1057 -32 603 1445 822 1774 -714 -343 -1654 -1299 509 -1584 769 -1850 -1691 1563 1350 -1618 1300 -439 -173 -1394 25 1379 1345 -971 -698 -1629 1101 -776 1848 145 1418 -984 -144 -865 -1913 1802 -816 848 -320 -224 -1524 650 1614 1932 -688 -863 1305 858 
-348 -1698 621 -186 -1388 1739 1171 -905 -1401 937 746 -1748 -1075 -1675 -1426 623 810 -1153 1846 1652 -549 -1402 1579 -335 -1529 1390 -1512 -278 -226 -1576 -1879 1788 -1031 -1874 1676 -1127 -1765 -204 -613 -1883 -1745 630 -1244 1902 104 -368 1030 -737 -1298 -184 99 -220 1464 -753 1975 763 537 -62 -1559 -1426 1973 786 -1614 1395 1048 -649 1270 1897 739 1641 -371 1578 -1787 -1788 -687 500 -1971 -163 -823 -610 -1351 1920 -118 1199 1818 639 -273 401 1075 -521 1068 -1629 163 1366 -661 -1161 806 -1824 -1012 -926 
-1772 -1612 742 -588 854 1572 -1814 249 1326 -1025 -1381 1148 609 -1560 575 -1968 -634 679 145 1122 -876 -1878 -731 594 -381 331 1425 772 757 -1312 -1791 -1814 1068 -303 978 1051 1876 760 1413 -1336 1637 1348 1886 174 -1587 1787 -172 1721 -1537 -1501 -54 962 -1914 1861 -740 -448 74 -366 499 1537 -1945 654 -382 -909 -1922 1971 -481 -1903 -1142 -1532 1861 -1145 1065 -482 -325 1521 537 -712 1361 1297 -1319 535 1538 -627 1718 569 -958 -846 -482 730 -1896 -65 -1786 -1034 -515 756 1863 -606 -1244 130 
-1501 1279 1706 6 731 -1888 -384 -1505 1531 -322 -1799 -1375 -1390 -1758 -506 58 -345 -953 -557 -621 1443 -1143 1474 1499 -135 1162 -1165 706 -519 699 -1790 1941 1375 1931 1392 -349 1735 -1018 -1734 -663 -653 -1185 -834 1928 1580 -1415 -1160 896 -1347 -1259 324 1801 1318 -1719 1249 -1306 1997 939 -1722 -1183 251 599 -1112 292 419 -1431 -1529 -1358 -1327 43 -610 -1741 -466 -1280 -100 1978 -1864 -932 767 -742 1829 1736 1131 65 868 -473 -1483 1963 -1762 1401 -265 -199 -1011 1871 -1073 -1116 165 1986 7 945 
-355 1954 -117 -1311 -1720 -1941 -922 1424 1089 1462 -603 -548 652 -1996 -1179 -1825 1043 -1576 -1459 -282 1819 777 913 1202 -1506 -1205 -326 -609 547 -1908 -110 1835 -34 -85 1367 -251 -1387 902 -1798 706 -18 558 1782 515 1237 -319 -1301 206 1047 29 -495 67 -917 215 829 1398 -940 1920 -1358 1457 1094 1246 559 -1055 1971 -1846 873 -1469 1439 -801 -1436 -619 -1380 935 657 422 -1949 1064 1859 -175 1583 -1782 1287 -428 1498 -7 -951 361 -1521 332 -964 -337 -784 167 242 461 -28 401 -1158 -1895 
1541 -171 -1235 -1404 -733 -1327 933 1398 1926 -424 1182 -1224 -1426 1614 690 -1712 1646 -693 1970 -1103 1766 -616 986 -678 -837 1740 1517 -1558 1023 929 -315 475 1302 1551 -1287 -1184 -37 397 446 -915 1569 -1956 -379 1154 -1797 -139 -1312 -1554 1229 480 -1748 1887 190 694 34 -1797 1341 1493 -292 1022 1673 -1725 -1542 1614 1746 -992 -1134 1337 1211 234 -521 -143 -1954 -62 1436 -1632 150 389 -1295 1007 -931 758 911 -197 -719 1181 -1831 -713 996 -1163 -1510 405 -788 1 1429 -1288 -1269 -1469 232 -1433 
-1473 -1143 1729 -697 -1697 -350 -565 944 72 -349 -1189 -612 -1653 1271 464 1472 -970 -252 -929 -1993 -1506 870 567 -1606 1190 1932 1513 -1825 -481 810 1885 1473 -588 443 576 -1776 125 -1300 -265 -1282 -1631 -877 286 219 122 551 -1737 -1726 1683 -637 -1415 -1745 78 1050 1951 -1617 1613 -806 -1927 -1901 -1794 699 208 129 101 -291 1574 357 1454 -753 244 -1639 937 -213 579 -1415 1810 257 968 707 -1015 979 -32 -588 1109 -241 1481 -160 1506 -1579 -1356 -686 -468 -1542 -1385 -70 -909 -1120 721 1690 
-1690 -1622 -1544 1660 -830 1927 -1174 -456 1189 -1512 -218 -665 -577 850 -1556 -966 550 506 268 -934 -1365 1752 1208 -1654 590 -1009 -651 -139 -1905 -1277 -1814 -374 -1883 1061 -1866 190 1204 1329 1575 -154 -1328 471 -1536 804 -1300 -1266 -874 1412 -761 1720 -1751 -523 -1257 -1378 -847 934 -1165 -917 1199 499 1848 -1252 -171 -177 -108 907 1113 -1834 -91 -435 1059 -1782 -1725 -688 -1921 -1893 1059 936 -143 -1472 -103 1716 -848 -1718 1833 -503 320 -1972 1602 -1556 -496 -743 -941 -1471 -1087 -1129 -227 934 -1469 1595 
900 1714 -37 -1401 -1350 -955 999 1075 -321 1260 368 1102 839 211 1532 566 -116 -1656 -804 -1444 1341 671 -1089 1623 -1579 -373 -1604 -665 -983 1562 -1159 -1167 -716 -610 380 1382 529 -414 -1854 371 282 -703 -1923 -1216 742 1569 -1787 1963 -863 -1085 1480 -864 -1898 -1242 620 -565 -1117 -1860 -318 233 0 -907 -1720 598 -1088 1241 -1912 -588 1560 -987 -1488 252 -954 -338 94 719 -1561 -1207 -1631 1224 1050 1224 1795 845 -662 1589 652 -910 132 -43 -418 1038 -1785 757 -1604 -605 372 170 281 -489 
713 -1470 -1883 -471 -1591 -769 -1546 -1775 -1913 -945 682 1175 -1901 -172 -1824 -514 -666 968 1304 -387 115 -1534 598 713 -1725 903 -1194 366 -1492 -1132 -1886 1713 356 -1734 -951 1647 -1693 666 1366 1358 -4 1408 182 1472 1983 1553 -893 -1438 -1742 -176 -303 -1413 -1522 82 640 -360 393 -713 -1086 -1555 -611 -1229 637 1745 -785 -1771 705 -157 1895 -348 -1279 1380 -1443 -934 -1832 -1392 -1347 1481 1999 -452 1397 11 1504 -1574 -594 1000 -1653 -1550 -582 1069 194 -318 96 -1864 865 1310 -384 -163 -210 -1530 
-655 139 1345 -1987 -439 1133 -1991 -572 -1955 -275 -329 372 -1608 -1495 945 -99 -1699 -1560 728 713 -680 809 -92 -1802 173 1205 1703 -1439 42 1146 1561 1955 53 -142 989 -569 396 -1890 -377 1333 -410 -303 915 -583 771 -1554 -1693 -148 65 1890 -1243 -34 -333 1714 1389 951 -1819 -1998 -1976 1630 295 1618 -941 -445 -1094 807 -907 -978 328 1909 -1487 1594 220 -1966 407 1038 412 -381 -1568 -42 1580 -1385 342 1447 -1336 -1126 -245 1250 1422 -422 111 -1662 337 1360 159 -1875 1818 -475 508 907 
-1775 1078 -1825 37 843 199 -726 -1195 -1683 -1550 1184 248 1983 909 1554 1882 1360 1545 956 -283 1173 -1995 -1585 -758 -1792 1882 519 -1887 395 -1464 532 139 -409 55 733 -395 628 1636 -427 1982 -153 773 -462 66 1153 567 -1362 932 195 381 1970 -669 -1029 -100 -1403 1074 108 1336 1871 -1482 1265 1188 1872 990 -1711 -1041 297 1792 1963 332 287 1046 1759 1822 -781 1110 -294 -72 -956 -1285 -1546 1926 -1399 -1616 1095 1864 1724 816 -1688 -1480 1733 -1784 -966 812 -1558 941 1303 273 88 -796 
-1749 -1459 -1912 1207 -1112 1475 -1700 1151 -1000 -1644 1634 -400 -1182 -1877 1687 -1721 1039 -961 -1447 -1615 500 -845 -310 -606 -672 1284 329 208 -29 1404 1596 1285 -1119 1059 1821 -1389 714 -505 1883 -446 1888 238 -1046 610 -1951 -1678 890 497 77 357 12 -324 1944 -1434 -119 1076 -1770 -1259 1026 1182 -1244 -1879 -381 789 1214 185 492 137 1068 -1430 -384 -241 722 705 -275 -219 305 515 1663 1828 -1298 -995 -1285 -1728 -1722 1281 -1010 1395 -1158 -892 1234 986 755 -599 -216 826 -1609 483 1565 -404 
-1096 1271 740 -1202 -925 -289 1592 1325 -1897 98 -1234 -301 -1095 442 966 -1507 -223 672 -231 283 -1273 -190 1065 1198 -95 -940 1988 1340 1256 1821 -1817 1535 -946 -431 763 58 -462 -1566 1409 -574 322 352 272 571 -583 666 476 352 1071 1796 762 783 -17 818 -1684 1369 23 1842 -1529 -895 425 -431 -1853 -1808 1951 -1916 -1980 1480 -80 1358 -1320 1482 1716 -1281 -443 -1224 467 -1580 647 1835 1909 1591 -1422 -469 -1591 -1635 479 -15 -1957 1891 -1009 494 1740 -1878 -1059 1303 1141 -1163 -1362 115 
1048 1986 -1400 104 1399 529 -1451 723 -978 1270 -1431 622 -1600 -840 -1621 -281 824 -1531 -1551 -977 19 1996 889 -49 535 -1100 1260 13 814 -266 -1189 -427 -1031 -1912 -711 360 -397 -1970 -1034 1651 790 1248 261 1128 -226 1494 1873 -349 -1219 -1349 1573 -1363 363 70 1293 1513 1648 1864 -316 -276 757 1604 -1479 -664 -769 -301 -203 -233 1682 -640 1351 -1604 974 1687 -1610 -1300 1896 219 75 1706 -181 -1022 -637 -766 -634 -1529 -1356 -1948 -1348 960 769 11 1876 1158 -180 -1803 875 155 864 -1421 
1345 -224 -1202 -891 -1240 -296 -1648 -579 -530 1134 -1927 1855 969 -224 -1736 -608 1679 1921 -68 -1486 1863 -1803 192 -58 1435 -1006 549 -212 -314 -1223 156 745 -1059 -1019 952 -1711 350 684 -568 -1414 1082 -1326 -779 904 1524 -1600 -1591 427 1069 541 1451 -1041 1570 -909 -876 -1720 96 -608 -1865 -1911 185 -1051 -490 -1337 -1581 -198 -1239 794 -1595 1509 123 1664 432 -77 -17 -267 -765 1225 857 -655 424 -1379 1568 -1241 -154 1419 623 -1000 604 1756 -1242 -1603 -366 -1961 1693 228 1605 1708 487 1273 
1366 -1630 1569 -864 -417 607 1572 816 -1127 -348 -1161 -113 -1011 334 1677 -1120 1980 1500 -1806 -1467 1097 -1866 -1536 -396 1551 1482 -844 -1251 1164 -1668 -1823 -1751 -628 -1041 879 -338 -765 -625 1547 220 -1295 -1896 32 1490 1891 13 -1999 1125 1240 -841 756 -719 -1445 -1262 -1952 -1808 674 1449 1284 -212 -1320 -1567 -1289 1563 -900 -5 1054 1871 -1073 1241 -262 -1156 -539 -1971 -1236 41 131 -1642 -1447 126 -1327 1527 430 103 1357 -818 -1346 240 -1240 -97 -854 -160 298 -1548 -6 -1359 1689 736 1063 845 
836 -1860 -1196 1665 885 1900 571 -1837 -1207 1274 -107 112 1026 -1526 750 1069 -40 -1794 -305 -1622 785 -174 -1535 1375 1078 -1287 -1240 993 1771 -54 1763 885 -1261 1898 1954 10 -1298 450 -843 -1827 -1642 -1254 1411 1385 -1177 1658 -1062 -538 979 714 -587 -407 1223 1225 929 75 -1840 -1334 -465 -767 -520 1415 739 1021 1811 -1506 1701 522 -1104 -1042 1156 361 -335 -1275 -1718 -1401 1808 -243 384 1024 1109 250 -162 1223 808 371 -1125 78 -676 1444 -610 57 452 1954 707 1698 545 1800 -1650 195 
-569 -1032 -1112 710 1433 -1994 -1003 1726 -1259 -1524 929 705 443 525 1830 -80 -510 79 -910 1215 1468 1301 -1774 710 1536 917 -409 -384 -1646 -914 -964 1621 -234 -1715 86 1938 459 1067 591 -913 86 542 578 1912 -1327 1135 515 1933 -1280 -1334 529 -431 328 -582 495 -170 -1397 1165 243 -1592 -29 -970 1922 1942 -657 501 -311 936 -1541 269 1407 -921 1600 945 -490 -1977 610 -1686 -1390 1579 -1791 235 -925 1400 -200 99 1674 1094 -1258 1820 -1556 1201 -957 -1810 -3 654 -141 -1772 -715 -390 
-771 1379 1098 453 -17 1221 350 -366 944 1709 -1379 -467 124 1913 1063 -301 -1383 1811 70 47 61 1309 1385 534 -1459 -710 1281 370 -1009 345 -1088 1278 1201 -1956 -134 -1967 -1049 -832 1893 1031 1962 -880 -397 1305 -1588 1846 -528 -1609 1395 -1094 -1460 -449 -115 803 222 1203 833 938 1383 734 678 1512 294 -8 -832 -1161 -17 -1283 -1039 849 -141 -1526 591 1479 -1323 473 -1762 1691 -1507 897 1102 -101 -1990 61 282 775 764 -1827 -116 664 -1821 504 832 1416 567 -1740 281 -538 1988 -242 
-1273 -1891 423 680 1358 1878 1516 -545 -974 -1598 -1514 1570 -170 1188 1674 -1895 -1667 -317 -1493 -1332 -460 -877 -382 32 109 763 1795 561 1570 1771 -1233 -761 -1337 -181 405 -1664 -1335 -1947 -1661 -222 -579 1202 -22 735 1549 -1905 313 1327 -897 50 1117 843 765 -867 471 505 -1821 -231 1247 -931 1182 272 -1760 -678 -280 -888 -927 1065 -721 1146 677 1527 324 -1186 1185 695 1825 1069 1259 -79 -367 -859 -535 -693 880 -1364 1024 1661 416 1949 -1914 -828 1627 -1129 -1609 1279 -1930 -1094 626 -1259 
-161 -1821 -1875 -864 134 -732 -1988 -1317 -1134 1197 -369 -801 -17 765 -164 -1358 -1673 -741 1909 -887 -33 -1679 -1318 990 -712 -1877 235 175 -1378 -859 -1811 1898 -173 -1659 -688 -123 1232 -1906 -1466 1908 1718 1254 619 543 -1329 995 1440 1407 668 1752 -1215 1310 1964 1693 -1667 -1941 -1848 -1538 374 -287 545 23 1821 -1166 -358 -536 -1067 -148 -1265 -150 -247 -449 -1177 1617 1961 1411 1998 168 416 1089 580 266 -136 -748 271 1129 -254 929 843 7 -1559 1387 -1776 299 1743 -729 243 23 1753 1 
-1979 -1127 361 -1031 -1014 -1653 1942 1615 -1284 1924 -1406 1155 -140 -1641 183 -187 -984 -1277 836 -920 1582 1243 897 1044 1069 702 -1372 -342 -1255 656 -1199 -1906 1205 1769 -784 531 1849 -610 -1564 1798 604 646 1972 -1719 667 235 -670 423 1545 -1652 -1072 -1550 470 -1187 471 886 -1540 -1211 1320 139 627 1126 703 1498 1622 923 871 -1981 -1551 1335 -1930 -1320 -586 -256 -247 -1641 -1727 -505 -79 1622 700 145 275 -291 1967 -1229 -1760 909 525 -1901 348 354 -1040 120 1867 -1591 -377 986 -1961 712 
950 -1827 -185 -667 399 1930 -1725 -264 -1406 1629 920 27 -416 1276 1581 -1540 1171 -949 1553 982 -1878 716 1653 1355 1460 209 -1989 -1377 302 -368 1891 819 346 -1939 -1569 -1856 792 -103 601 1210 1623 -952 -1200 328 1278 1447 -1807 1042 -740 -249 -177 1809 1135 1747 -1621 447 196 606 -1834 -1516 728 321 -1002 525 -965 -481 1991 613 81 1647 442 313 -1251 -1471 1626 -1674 1602 -1654 1435 -1756 811 852 -983 -1356 1901 -197 -1673 1871 -398 1930 -853 -1027 -528 -1226 1627 -11 -988 751 -891 -448 
-1504 -560 1960 1513 964 -707 1247 1142 1875 1732 1272 -1926 1998 -261 -73 1861 -980 39 501 599 -1255 -1040 -160 -1135 1362 -1023 -1031 -939 -1367 -916 -282 1370 246 1806 725 -751 1896 -1840 -1179 724 154 98 1362 989 1634 -37 -1626 -1338 589 -127 -685 -1461 -465 -1636 437 46 -1558 220 1907 -1192 -351 -1990 -950 547 -964 -947 -1245 1937 -1987 -1880 820 -623 -4 488 -1709 -99 -1870 197 -1269 326 -1317 -1491 -369 -427 -1482 -549 163 -282 -499 535 1490 1511 -587 903 133 -562 -1169 -724 -1001 1683 
1181 1084 -1742 -520 935 -1795 -1666 -782 -220 -1964 956 485 -1882 171 1723 1556 1361 -1068 -1411 -1803 1102 500 936 -1341 -1126 1303 59 1433 -1184 1313 571 -190 1346 -1435 -1296 1005 765 1580 694 1519 -1528 1444 -724 83 1968 -169 -450 -1967 -1914 -1076 795 -1648 1507 196 -1326 -1797 -1619 1391 1992 1793 435 -695 -482 -1908 -149 -1479 -210 -3 -1982 -35 -17 -642 736 -1939 -1250 -1579 -1959 -239 2 530 -1682 -1811 -1310 -1836 1240 -1754 1301 1302 1125 753 -640 -146 1866 -1101 -1669 1800 -842 -723 -298 -1903 
-1553 -1024 1262 -1497 697 -1341 223 -368 1373 18 416 262 -160 129 -1748 -308 -921 1541 -1179 -1670 -1551 -1899 427 -973 512 -477 -1845 1616 -190 1317 1170 -1463 -419 -467 -721 -1306 -1638 928 1849 681 -469 1885 19 1658 -730 -1687 -1031 1825 1026 1990 -311 117 -980 -1693 -2000 -1404 -1689 871 100 475 -734 1771 236 -135 -1072 -1940 -565 -1392 -382 924 -149 -1390 1024 225 1248 642 -1651 -1808 1435 286 -663 -230 -1954 -537 -1858 1171 -1803 -1123 -1099 419 -835 -510 1826 -829 -991 -258 1216 -1514 -1665 -347 
1186 -1614 -1759 814 -1863 -873 225 -1450 -65 1862 -247 1154 -1750 1601 -554 1625 1759 850 444 822 939 667 -1680 -1496 146 -64 -1372 -99 -1050 41 756 -1069 1668 938 -1660 -481 -860 -1256 -276 -544 6 1581 -382 1820 -500 1706 -113 310 1131 913 -805 -64 -1701 1139 -1579 -666 763 -1833 -1699 1393 -903 -1781 -359 279 -1694 85 -1223 -1732 1795 1212 967 1403 416 -1748 1750 509 1563 851 -1222 -1556 -322 -1674 496 -1924 637 104 1057 1974 92 1569 -697 1137 -360 783 -1615 1707 -1580 -1740 -1269 477 
606 -30 -1136 1368 -620 -1818 1701 -680 409 -692 1218 1685 421 223 -1824 418 -696 654 939 1147 -1093 768 1179 131 -700 -1970 550 1478 -30 1016 -1312 114 -1946 722 -264 -1695 -1288 -439 -1193 -1854 752 -868 -1248 1860 258 860 -1379 -755 1432 623 -7 33 1582 -202 -938 -1317 21 532 -614 30 -1210 832 -315 744 -359 1436 -1172 1141 -376 1985 960 -766 42 -600 1577 -1706 -317 -103 -1723 -323 611 -1889 1071 545 -114 -1426 -126 -541 -1240 -885 312 1295 1559 -1932 824 -479 -1913 -1378 -1401 1734 
-1075 -1553 -1127 1664 1988 215 1576 1248 1835 -843 1386 1390 -1790 -1479 -46 -1991 430 1659 -152 -1286 1218 1635 1679 137 -1652 -1509 240 -803 1131 1056 154 -1323 1788 -1406 -947 1350 759 1942 1080 -289 1446 1109 1493 -71 -1182 -2000 -168 1527 -297 -229 -999 1540 311 -1512 -480 -1844 -1925 -249 -345 1838 -1793 1776 -953 -981 777 -1772 555 -202 -1700 -1270 1833 -1629 -872 -658 -1025 -1844 -239 -762 -137 91 834 281 1704 340 -25 338 -1196 -116 -470 -1580 -182 -1662 -706 -397 -1760 -980 -1459 -481 -260 -1408 
-981 994 -736 -874 -145 -1627 478 527 -137 1190 1855 -290 1026 -41 1072 -1367 127 1348 1425 1348 -1376 -1805 -1210 -527 1586 -1615 -93 -1364 1887 320 -960 1666 -901 1690 1732 -1390 1717 121 -526 329 210 593 544 1326 -633 -540 1813 -748 -1822 -1013 -1796 1506 1148 938 700 1806 -986 -1009 -1613 554 -1064 -1633 1437 1029 1183 1279 1765 -371 1442 1627 1227 -315 1103 -1552 1875 -906 -1660 1601 1940 142 1043 1469 137 534 -271 1151 1462 257 -986 1796 -1331 -844 1976 41 938 764 -1827 -1996 -1661 -275 
1839 -1144 1068 -1689 344 23 -1560 1143 1748 1086 1737 1043 -1909 1069 -98 1338 875 -1257 -937 -661 -726 -765 -1527 -440 -1116 1126 -99 66 470 1616 -1401 1652 353 -1099 -1124 759 474 1885 1285 -705 791 -1981 -1405 1569 -766 -713 629 -1480 1733 1507 -1482 -361 -815 1731 -1077 1814 1905 -1192 -1046 688 1693 1165 -620 616 312 -985 -158 409 -1710 -1413 858 109 -970 -1328 -1342 1405 839 -1552 -664 -864 -1715 -603 431 -1424 -565 -994 557 -58 -1325 -1839 791 252 1720 1208 164 282 -122 1855 1701 -1280 
-1428 747 -1181 1074 1145 437 414 1073 774 -1900 1772 214 1158 -986 1192 -73 1652 -468 -124 1181 -1085 -821 1418 -304 1928 -677 1163 1525 615 1202 -1260 265 -403 1725 239 1653 932 -1130 1381 1929 -834 1854 -1189 -764 -188 360 1742 -1982 -760 -920 37 1983 -1020 982 1385 32 -329 -1125 476 -47 -1077 -1479 -1444 166 -1142 1425 -127 -1475 547 -1065 1147 -1082 119 63 1298 -1101 -892 -678 330 -948 825 166 -1362 1732 348 92 -1445 1385 1807 -509 -1348 -1890 1086 -1600 -430 664 -1611 -1506 648 1583 
-734 715 -913 -934 476 -1611 -514 -127 -492 1191 516 544 -1951 610 693 66 851 -1565 -1421 -807 -835 -1420 410 -246 -741 -1166 -1524 -690 1166 -354 -821 1169 -1757 -783 647 -253 1822 1993 1318 1762 -1412 1421 -835 844 1777 976 -1582 -443 203 -657 -1304 -1510 1600 1818 916 -1386 443 -1543 -1204 770 1938 -1666 1770 85 -1009 -1905 -180 -1591 755 302 -337 -1098 -193 -1411 935 653 -393 370 -556 -767 956 1269 1653 -1338 -1820 -97 -496 116 -967 1311 -162 265 194 -1441 -1869 -897 -619 885 668 579 
-423 -1955 -437 -1914 -1020 1440 548 -11 -1840 -1077 326 1613 1822 -890 -1454 891 236 556 -320 1178 1786 837 -1018 -632 -595 -937 -334 970 -78 527 -1719 -349 1887 -1303 1265 -1441 283 116 1278 1223 34 1032 -691 -611 -412 609 -497 -1013 -1684 1284 -605 130 -1706 -876 1396 487 -221 1894 -536 1846 1484 882 -1420 -1183 -539 -484 -1094 781 1768 1410 -294 -441 -193 874 -432 -10 1685 1951 -45 562 1987 -144 11 -441 -1689 -337 -925 -1138 541 1360 -457 -1095 -225 179 -1486 382 1377 303 -1409 -59 
1848 -769 965 1515 -1687 -629 447 57 658 1685 647 1094 793 -934 -1903 1746 -1571 1070 -955 -671 138 37 572 255 -581 -1951 -1381 1964 -833 -1158 1837 1409 1574 -61 -508 1483 369 -1730 496 -837 1414 -1958 -370 -1380 1020 -1270 115 661 1879 1642 -1601 -1204 -1488 -1717 -56 -783 -876 1048 1703 294 1109 224 -1675 1282 836 -506 -964 407 1806 542 157 378 1977 -379 -1257 -1712 -790 -311 1250 1774 -1272 -1198 -1220 -234 -412 1480 947 -1673 -1287 -1150 -1843 179 -749 -1441 188 116 -1838 1540 -105 1589 
158 1217 -1683 -1537 729 1183 -1343 -197 -875 -192 -1422 1483 1687 -622 -860 1575 -934 -728 1314 1336 1408 -698 1408 1739 -1413 -1294 1247 -323 -1079 1605 -1088 -360 -1746 -1925 1077 1397 -1306 -352 -930 -1261 -454 -1265 -1134 -1836 1339 358 498 392 -893 -151 465 443 510 -1873 -1815 966 1406 1584 -1269 -292 637 -139 -1755 1808 -894 -1323 -1098 1606 1252 -932 -1494 1227 1713 -378 88 -594 -1649 1857 -1858 1983 -630 -1096 474 308 -40 457 -1948 1169 -303 -1144 -1202 -1877 -1085 1124 -1886 -389 -979 368 -253 1496 
622 893 -1477 -249 -1358 -595 -1894 1250 29 -1850 -1808 182 1772 1154 -1380 1079 57 823 838 -1514 467 -28 1297 1852 0 1132 -707 1207 767 755 1458 683 1942 737 -1256 -371 -1428 803 -9 950 314 922 833 -1578 -1311 1099 1111 1082 -1022 -838 440 -1345 1943 -599 -239 -1525 -747 -491 1582 -1939 609 1712 327 1718 430 -1900 1623 -1748 -1522 1280 224 218 -772 1735 520 1730 -1722 1504 805 1374 -1501 -1462 1587 242 609 639 -863 -169 -364 -237 1130 -1523 -449 413 815 -1354 421 1127 -1641 -1394 
-1647 -1639 -267 -504 -568 799 -1465 -800 673 -1085 -1472 -1295 -964 934 -727 -590 1690 206 -1183 1449 1988 323 -405 1110 1618 -740 -1407 1207 890 881 1265 -1971 652 -440 -383 1402 -56 -1994 1474 9 1225 -1095 -1486 -196 603 977 -1436 394 -93 -357 -1637 72 1027 -1256 -1016 1449 531 -1765 -779 351 1170 -1207 1678 1176 -1155 -310 1901 805 1663 -1907 -1045 1201 -173 -689 1929 608 1092 1181 1835 265 1962 757 -1734 899 -1689 -496 -427 1536 1792 -1453 -1293 244 193 -780 247 770 -1616 1829 1542 -1249 
1085 -1001 191 -1625 -1932 -1771 -378 1510 -1246 -1780 5 -1555 54 -862 -53 -140 -1203 -1035 -293 -712 -1881 707 -1253 1508 289 -844 1409 -1828 -1783 1319 -59 -983 1346 1790 659 726 559 1826 -1383 116 960 1418 1307 -1568 -877 -600 -728 -179 -961 -1867 -202 697 492 728 1207 1976 -1371 246 1188 -222 -1966 -1475 1154 1836 1939 -1351 -574 -1719 -114 -1756 -378 1728 1718 733 -721 -203 -1634 -819 -481 1622 710 177 -712 -173 628 409 880 1453 -980 1533 -601 -905 -1740 1119 -320 -107 1959 -1788 -650 -578 
-1864 657 1038 -862 357 295 12 1983 200 383 895 -1448 1844 149 -311 1855 -1779 -1426 -1750 -1319 870 1946 -355 -1537 822 1992 -290 607 -105 232 -166 -157 -1106 -1703 -91 836 1121 -645 -1859 -1771 538 -1311 -1948 -1359 -131 -732 -181 -1487 -772 -1692 1210 -104 1464 -662 -403 1060 -377 -1139 844 1573 1840 1107 1595 833 966 1625 1254 -997 -903 88 -1626 130 1555 -1950 1056 87 -1703 -1368 -954 -113 1581 1241 859 -1735 -1555 -1313 -1764 -1109 -413 -571 -392 -125 -1759 160 -1349 1274 1412 399 -24 1314 
-1511 550 1205 868 643 958 -1583 585 -724 -11 529 897 1473 506 -295 1693 100 -868 -149 803 855 1939 -261 1057 -1053 -922 1578 123 -446 647 -1051 -1623 -1862 -554 1196 1704 694 1409 1298 -1720 -1926 3 -229 1295 -1687 -980 1949 1012 1548 458 -241 1230 1068 1658 -1137 -890 -114 -1530 -988 1169 413 -1824 -303 298 -1033 881 1460 731 -1143 -1578 1586 -1743 -1684 -771 1028 1668 -707 726 716 1035 -210 -149 868 -1318 -1394 1361 -1427 486 381 -410 144 -685 1549 302 -1811 -1410 1296 -116 1659 -843 
261 44 301 1850 748 -1139 1663 955 541 1068 1301 1303 1707 -1616 1112 -1976 1346 -120 -128 -1636 -1403 337 1952 -739 -1023 879 -674 267 1803 1089 -479 -18 -1986 861 -1571 566 -1528 1499 -214 1413 -517 -1207 -551 -465 1016 -1468 495 193 -1335 1279 691 -1619 98 -750 -1280 1576 -1024 1269 -583 1551 1526 52 566 1321 1002 -1797 -393 1409 -8 -1615 -619 -1872 -754 156 -926 181 -1167 1695 -1190 -1039 -840 1678 -109 1107 -1956 1035 325 1385 561 1376 -1262 -1642 -620 1737 1141 -1878 -191 -52 -1322 1554 
-872 -1832 415 544 -1267 1191 1016 -613 637 -1126 -1320 1695 -1557 -56 -1220 -637 1197 -1720 -1850 928 -515 1367 -1304 584 -598 -1776 -139 -1833 40 -1768 1138 -1568 1860 -1863 -33 -1066 -1451 -1802 -954 791 -1261 1517 1755 590 109 -1751 -1923 148 -765 1739 1649 -1484 242 1674 1427 -1429 1986 1287 -1069 554 796 -260 446 -1111 -1475 1748 1384 -350 -924 502 624 1445 -1626 -1327 513 -79 489 1509 188 1952 -1604 1288 -900 -1945 -1659 1274 471 -880 -117 1814 -414 1010 400 1137 -45 -1221 -1696 337 -1160 -1368 
1435 -791 -1863 -1346 -1907 -923 -19 -926 1414 1179 -313 -1802 1838 1725 -1424 -1993 -1004 -1357 785 -997 486 -1419 1887 299 -570 -1607 1464 -625 -1471 1126 -1698 1419 1965 -1549 -617 1420 -911 107 219 -10 1453 982 1599 -473 -1967 495 -825 1465 -1567 -1192 -714 207 -457 -1190 1684 -943 -1554 503 460 682 -622 -218 -958 860 -737 -1378 -634 -1566 429 -1737 869 -277 -87 1666 -1644 70 -380 -1074 -416 -1926 -1620 1534 307 1172 405 84 -623 1998 266 724 601 -841 -1097 814 1643 -599 1429 382 501 -1355 
23 973 -1874 -1361 -878 997 1601 -1389 -1932 -251 -201 -162 546 -1351 1105 792 1820 -1852 -1804 1904 -316 578 -1527 1238 -484 1175 -768 -1402 538 -309 -1109 414 -1584 304 -786 -538 -1654 -1469 1622 -289 252 -141 -1914 -1930 134 -29 -132 -825 -1870 -124 1158 1914 1758 889 -409 1045 1509 181 -988 1806 1403 17 328 835 1275 969 -1057 985 -1091 -1916 -1601 584 -1641 35 299 -800 328 -1384 471 -837 46 -180 -932 1240 -1242 1227 -843 -1319 1531 833 -789 -514 -141 1089 1253 -1024 1865 324 -85 -1162 
-1686 497 -1640 -1306 741 -1542 80 970 1812 -794 -280 -1468 1669 420 -919 1448 1220 -1817 545 -1300 591 497 884 -1059 -1802 1181 -1928 842 -673 1132 517 -997 -1398 -1126 -1419 -795 103 1196 380 -1285 -474 146 -1411 1030 -820 -2 1101 -1342 413 -344 814 -372 -905 -1301 1638 -1217 971 -410 -1393 -1595 1927 -447 -1271 -1222 276 1625 -1412 490 1515 1239 699 607 392 107 -1021 -1141 163 -201 -1862 863 -412 1044 1194 -1832 -468 1132 -1134 1499 -1774 -883 -396 859 -1719 399 -444 1813 -1148 -861 -406 617 
-841 -542 1846 409 67 300 -1998 1439 -203 193 1477 -631 1773 1252 604 35 -216 -149 1554 -633 -6 347 -1264 -1397 -348 1118 1315 -170 -1410 1115 1462 1147 -418 -1867 -1302 -43 -1049 682 -581 -1363 -1619 -285 464 1560 -305 -753 -351 1117 576 -1404 191 -215 1801 1650 -630 -1502 136 568 1148 -1092 -1034 1510 -737 -1423 726 186 1163 -557 -301 -246 676 -942 1334 -1701 999 -1314 1102 741 -1652 -725 -1972 230 1619 -1021 671 895 1799 -146 -288 -994 1710 -321 -1523 -1452 237 -1383 -1388 1181 1974 -1627 
947 1800 152 -999 -51 -230 -1711 560 -1523 1229 -1597 1589 -1655 1779 -1054 -1989 852 -1499 -1519 714 234 576 -2000 1888 -404 998 -205 1710 661 -1915 896 -635 -1172 1089 1913 -23 1124 1349 851 -1420 286 1229 -1551 -1174 -115 155 873 1258 1605 -854 -429 1299 -843 -415 51 -1888 1537 1888 552 -9 372 -1968 521 -1170 -1785 710 1434 -810 -1609 907 1748 1746 1250 -1716 -1193 492 -915 -1570 -876 1728 1413 -224 146 -1161 -945 -1019 -800 1007 1771 -1488 -224 1293 164 -1481 -10 1817 722 981 638 -1899 
125 -766 -1406 -116 69 -1799 -31 -216 -216 326 -503 1463 -1464 -884 215 -778 1140 1602 857 57 1749 1952 1182 1699 531 1486 -1766 -77 -1785 -960 -863 -417 1336 -1273 -1688 -1102 1705 571 -648 -128 -1823 1442 -425 1621 936 1678 714 1347 -1780 441 -1784 -136 420 -453 653 -1292 -909 1715 1012 -1658 1787 1251 -1566 1242 -1848 -1774 1893 -1713 -1665 -1235 827 1142 1300 303 -229 952 -412 -523 268 1527 -531 -1337 -1456 -1180 712 1944 523 -1929 98 -806 1870 -136 23 1280 757 -1343 -1695 -1065 -1885 -99 
1159 904 -1090 -1088 1106 -680 -473 -1719 1452 1551 912 -431 1452 1033 136 -46 -188 1012 1013 475 -597 275 424 108 -229 1818 -1014 -1655 163 980 1068 144 1351 1648 -1434 -763 -1894 787 355 -254 -258 242 -871 -1025 -1184 1518 873 -672 -1114 684 -927 -941 1980 -47 -1439 -1231 -145 1818 -313 1552 1689 -388 -1851 1775 -1935 1441 1692 1381 -1507 -1322 1073 119 -346 1878 -429 1980 849 -1068 -1574 1636 1359 1158 -939 -1545 -563 907 -726 1137 -160 -1983 -1643 1219 -1270 1006 1304 1145 1479 -527 -131 1065 
1777 -1904 1049 725 -879 -673 1339 992 -1288 -227 -1742 -1873 -1368 -1106 747 -1768 -1775 938 -174 -1908 789 1902 -579 -498 -509 -20 -973 -1320 981 -1764 -671 -1539 1345 1545 201 -278 -1665 -757 -1821 -88 -1588 -821 657 -1595 -392 -623 -135 690 1913 1733 -1214 594 1263 1012 232 532 -1948 -1523 -1358 -1119 223 -1032 -1726 480 1224 932 513 1626 1467 -1737 -1707 -1663 -171 936 -1541 -615 1929 -1365 -1198 -1699 1464 662 38 1189 -958 -1600 -927 889 857 603 -1499 1362 -403 -1792 1555 201 1042 49 -238 -979 
1426 -1391 -433 1079 1484 1470 1814 1859 -29 -560 1632 -963 1927 -1021 7 1262 -1074 1378 675 852 -1296 1386 -1734 1807 231 -760 466 -1801 782 853 -1452 -1911 1381 -1034 -706 -1843 -24 -1387 -106 1169 1615 -132 -1125 -682 -257 1062 1953 -969 1692 563 417 189 1794 -1779 426 -22 751 651 1718 -497 -1692 1943 -1014 1844 479 1322 461 1573 -696 -1159 705 -1747 235 738 -294 780 1438 -269 160 1547 1616 555 129 -1634 -1598 1905 -1502 1992 -996 -227 -16 837 1364 -1440 1055 1374 -1395 689 -260 -1746 
-1696 -1207 -1682 -1116 -330 1414 -257 752 -1550 1412 1465 -1786 194 1258 -1433 -1459 -1314 639 -688 -1207 -144 1242 -929 -1585 1288 -646 725 1361 -1334 1103 1212 1107 -26 -1008 318 -814 292 -1719 -1225 -703 -456 973 291 992 -540 -400 -1342 -636 201 786 -998 1408 1670 435 -1249 -1371 -1458 -1627 -927 841 -1977 -1136 -1352 1010 626 604 -608 -1402 1696 -767 -960 -587 876 -1113 1331 953 -1613 -746 1017 -818 1821 -163 -987 -791 507 -1484 -1794 -1398 -536 1554 207 -1839 -460 -704 268 -225 -26 -1041 1742 -1087 
210 -1297 -1815 -410 -1796 -1450 105 -1999 486 -806 -53 1554 1058 1443 1340 887 971 -809 -933 673 -1249 232 782 507 1097 1507 1700 1949 -1151 -1969 -367 479 909 149 -1215 -1988 1167 763 684 -640 -273 -1340 1162 -1509 1304 1899 1283 726 -1121 911 -1626 -1130 220 -89 283 1414 -208 1627 -501 1290 925 1680 163 273 -880 -1467 -1376 559 518 -1793 -313 -639 1100 1915 60 -18 -1693 -1855 -1307 122 -448 669 -385 441 805 1216 1223 -1507 1467 -1470 672 -1508 1268 684 1457 1831 -1089 -639 1374 1361 
-1388 213 -1718 -348 52 1485 1734 -294 -581 527 -508 -1734 1807 -1038 1687 -637 1799 -1064 183 -1052 1456 -83 -1128 984 1789 1711 -1811 -1720 331 403 -1324 -35 442 -971 464 234 -190 -319 -560 -1923 -613 789 626 704 -1082 -408 1176 551 -866 506 -1705 -1943 1356 -532 -1796 645 552 69 623 -1178 1683 451 823 -591 -641 1273 -1982 422 -1182 -163 127 -1556 555 -1437 1875 -1428 1464 345 1116 -352 -1177 -480 -1242 1454 1222 651 1219 -1429 944 471 1289 -227 491 -677 550 -812 1075 1241 -1481 -1356 
1023 -1690 -1849 -351 1631 -356 -1199 -916 955 -931 -810 -763 -965 -59 -200 -1919 887 714 357 1070 991 1793 -1212 760 -1940 -1380 -1233 -1513 1178 357 1890 644 -896 484 -923 -535 -43 -1530 1803 -195 -75 357 -468 -130 1539 1412 -1522 -761 -1358 1172 -734 -1097 1354 1277 1030 -1753 -1848 -554 -1929 -11 376 1448 799 -1484 -755 3 639 883 1236 1365 -459 855 -1595 -1415 -799 836 1221 -1299 1158 1062 -959 561 1767 49 777 -156 471 -189 -1974 1449 1986 547 -265 1502 1029 -328 365 296 -23 1626 
289 1572 269 -1773 -1114 1915 -1333 -405 1327 741 473 -245 131 -1557 1365 935 -121 -1695 -1122 -419 1203 -219 -1795 -252 1442 -126 -1372 1876 -1116 1057 1445 1589 -463 221 28 -1532 395 -1993 -1631 -417 -1018 1107 -112 1880 -59 164 -1026 -34 -1320 1350 -672 1281 -821 139 113 -1604 1560 361 -287 -1038 -801 -238 1562 924 39 -912 -1353 -1521 421 312 1394 -1033 -329 -1222 1693 -1932 1999 1811 -1279 758 1759 1355 685 -1011 953 -279 -1980 1747 -1008 1885 -1809 -875 -792 -1089 1775 1955 -28 -1893 305 -4 
1949 60 -244 -1908 -1245 -142 931 -208 -672 -464 898 -1377 -628 298 -121 -1903 -502 1512 -833 -492 41 -751 -442 -1373 -1696 1269 1223 978 1112 1103 1930 1585 1464 -773 681 794 -804 -1107 1749 111 177 996 447 -1914 -145 602 -846 -1650 -1950 -1723 -278 -1396 -634 -1816 -425 -1431 622 -617 1692 1027 -126 -1945 1556 -1351 -571 -149 1283 1842 -648 -726 -1434 922 -194 -1890 1798 1645 663 -945 540 -1192 -176 1529 783 -68 -774 303 77 882 1516 -1934 1697 -1454 -487 -1923 -512 184 -671 1956 -1358 -1261 
-337 1596 -130 952 1459 584 -1491 1012 1129 -635 -625 1642 -1712 -1921 1897 82 520 1380 965 1853 875 -847 1641 -1765 -1319 1199 1342 20 -897 866 1252 685 -794 55 -545 525 1876 -858 -1409 -1167 1705 368 309 338 -1866 -990 498 -1622 1264 1835 1167 1081 1052 -1737 -384 1247 390 95 -1203 60 -287 173 -1471 -1150 -1063 -985 -333 -722 -1465 -1704 -261 489 -800 -939 -1944 -1263 -1687 420 1232 1081 -1687 1214 1684 -240 1134 39 164 -1093 -1512 -673 846 -199 -1905 -1029 824 99 1892 1002 -602 723 
899 1303 -182 572 307 1087 1605 -5 -729 1917 -1571 419 -78 1982 822 677 -771 628 -765 -443 -254 1619 -1252 334 688 417 932 -1970 -1499 423 -389 -1079 1441 -521 1623 -1871 -689 -1752 285 1617 1437 -1591 1833 -1401 1945 12 1439 -546 664 -1280 -1533 1711 -508 1576 872 -417 -1332 892 -940 1939 321 332 1055 1533 618 -1873 1637 -97 381 716 1703 1185 1974 1072 -1889 3 -1890 -942 -1062 546 265 -1971 429 -1385 1970 730 334 -453 -49 1602 1103 -913 -741 1187 -1450 1050 -1135 1095 -249 -632 
42 -898 -471 -1365 307 1340 386 -1980 -1489 -481 -1966 481 -1646 1774 615 -787 1507 -1025 1841 -182 1949 -1505 1883 439 -1173 848 -534 317 -364 1250 -934 -789 -1783 1625 -17 1977 -921 -326 1183 -539 -884 -42 1510 1383 -764 -1045 -550 1661 -174 -109 -593 822 -1946 545 393 -1075 1173 1819 477 -1748 -1639 487 -1908 1816 153 182 115 50 -46 -920 -1282 1864 -508 -419 -64 -275 -1769 1120 -952 -1916 -1751 1420 -1924 1338 680 -1493 -1927 696 -1676 8 -1950 1092 -1546 1724 267 -462 -1512 1800 2 -706 
570 1307 1658 -776 1088 -1763 433 -701 361 1796 933 1069 -1541 1186 1721 -1301 1454 -597 1294 351 1147 -792 -520 -300 -1658 140 237 427 -1015 -336 272 -1782 -1453 -596 556 -490 1707 421 950 -1752 -818 -1424 314 -349 776 -61 -1999 1355 1507 795 -167 945 -1615 1374 -910 -1262 435 -59 -1464 27 -1757 -1152 379 927 -716 1170 1176 -1617 1794 791 -1538 1272 -525 -961 -1149 81 1878 -925 -112 1063 -536 -1770 1157 268 -96 1104 -1209 1221 -121 -123 -1089 54 1021 -654 327 1117 1878 1702 -1794 1479 
1392 -1355 779 938 -1246 -418 -1626 -1419 -1198 -332 -1581 -60 1934 82 -817 -958 1445 1643 -1236 -1006 1320 1438 1274 201 -1847 278 -90 560 1202 -1156 -1490 -1873 903 1173 -506 1134 -724 1073 -640 -928 -1535 402 -339 173 1780 -55 -766 724 1589 -363 -1982 1504 1384 1422 1707 -1109 -881 -1074 988 1862 -647 984 -1365 392 -634 1720 -1250 96 -1686 1197 -226 -1316 143 -362 511 -1695 -914 -523 -435 1223 1555 377 -647 1502 -288 -634 -501 1484 -1490 457 -1267 -1260 -77 1532 -700 789 183 -962 1522 -1381 
-399 387 1952 1282 989 -1132 1653 -1809 956 -158 117 143 -1077 -683 -1126 -1142 -832 -1883 1351 1790 1762 -559 103 1950 4 1403 -1091 -470 -131 -994 1810 1368 1890 858 957 906 1756 -1498 1841 1283 -1532 -775 -1479 582 1150 -965 -482 757 113 21 -1110 1877 -777 612 -1874 -365 1427 54 1561 -442 -698 -1577 -318 -437 -92 1850 -1499 -1672 1835 1317 -384 -1379 205 838 -944 -188 50 274 -1513 734 405 -312 1434 464 1809 -172 -1621 1739 2000 1209 -1245 -488 478 -1268 520 298 1887 384 -1253 -464 
975 1772 -1170 -1916 1965 -1567 1972 -1404 -199 1179 -942 -359 -1356 -965 -774 1285 1345 -130 -253 1312 -1448 -1629 -312 764 -731 502 1490 -300 793 229 1264 -1791 -1474 1451 1404 -1138 -676 -1011 1405 -1846 -785 -222 -1431 1441 1407 -522 -1318 -994 -258 -1356 905 1964 -1630 553 -1521 -1140 -90 -18 1829 -710 1574 454 69 -477 478 100 1044 781 -920 -934 -540 -1360 -56 -495 1394 1412 1529 -1299 -854 751 1546 220 114 -824 1280 -695 -301 1599 -247 1309 1321 1624 193 -366 -1890 -1937 -1308 1352 768 698 
1527 1972 1653 -302 -1721 1199 1970 -333 -175 1691 -72 371 -339 1309 1147 -257 -715 -1554 1808 -1046 1267 501 1820 1129 -164 -1873 1746 -87 -1642 -241 1662 -1414 -302 -1489 -1575 670 -369 1577 805 -569 129 936 709 -584 875 -733 -636 -705 -1552 -1943 -769 392 -719 500 -552 308 -1294 1315 538 -393 -1662 242 -919 -750 -633 -439 1911 -1133 248 1046 677 -758 1492 1190 1899 1409 -1192 -1624 -566 -946 -1467 1522 1807 -1686 -1497 132 -1322 1738 1464 -398 -539 896 -426 -598 729 -430 565 -1266 410 60 
1296 853 712 -1525 -294 1750 -1446 806 -1515 1281 295 1836 799 -1033 300 -906 2 -372 -1751 1589 -212 -342 1939 -20 -632 205 1338 -461 -699 194 -87 -1532 503 -551 1545 -1904 820 -1823 183 315 1285 788 1234 1772 765 -1692 -76 1562 -1280 -898 -270 -1618 581 1177 -1960 -1722 -820 540 187 -1536 325 -398 -664 1527 -1008 892 -604 -94 -1138 -942 1221 1582 947 -1653 -956 105 1170 478 -1939 -1483 444 1591 479 1198 -1483 -1607 1047 -1581 1790 -1058 -612 -272 1883 -834 -1472 -1355 -232 919 -960 -702 
1360 2000 271 -1298 -431 -1663 -1127 634 -230 -562 264 -783 -885 -1985 -79 -1774 1976 1810 407 249 -1867 -1414 840 1823 -1039 -161 1505 -314 1432 -1605 1037 -1019 580 -1606 867 507 -1350 -1265 891 -1731 1541 -1830 1773 -1870 -484 -58 1272 1732 -1650 670 -1503 -696 1988 -704 -253 -682 806 -1365 1971 -1035 -1814 1586 776 1537 -1715 -1622 231 -478 -1476 1204 -1420 -763 958 -78 -1245 1421 306 338 -1425 814 536 1041 -616 1856 1768 -947 -132 -385 -120 73 78 13 391 922 675 -660 1742 152 1273 -1755 
-1834 -709 -1269 876 -1248 -1516 1071 1985 -255 1576 144 -1837 -115 -1785 -697 1871 728 -271 -973 -289 -1855 176 -1371 -427 -1998 -1282 1221 -879 669 658 -1689 -1131 -1370 -55 1444 -162 -1123 -88 -1256 1173 -508 -568 -1362 549 -472 308 -1343 -713 1521 594 -1164 1435 -935 1510 -1885 -397 580 1934 209 1963 568 -1376 -1404 -1682 1888 -479 1844 1611 -1217 -1478 -1269 1550 -718 48 230 1089 -1424 1419 1819 -1502 -1603 1564 -1781 1930 -1163 425 717 -725 1079 -312 -15 261 -1080 -1438 582 455 748 1498 -591 -1966 
-1822 -1583 1676 1374 -990 -1235 -1324 217 -641 -1811 -952 1111 -513 719 1407 -1789 -839 1536 781 1453 53 988 201 -752 1184 -274 1377 -129 383 276 -874 1782 -767 -35 391 878 1413 -227 -475 720 744 -472 -943 425 520 23 -1302 -1387 1715 959 -895 -1025 -1582 243 299 -1494 594 -85 -228 375 599 -1100 -1674 82 -108 -1929 1378 -1735 -1660 -1059 -1607 -1780 -703 -636 -517 1235 -896 -1158 1903 -461 1673 -1885 -866 -1344 485 -1974 -1450 1696 -672 -1290 1013 -54 1564 1060 -145 35 -1919 -847 66 -562 
286 26 -1316 1173 -1396 653 -1106 28 1964 1949 696 -1974 -1048 -67 -476 -1760 1405 -1966 1014 1306 861 -801 990 1580 -197 -912 -1857 1578 -294 -1355 816 -1253 -180 185 1115 -1895 -1012 892 785 1748 946 1236 1505 -612 -1035 -883 -902 1450 1448 -1872 -1703 -576 -875 -990 -1957 1685 1721 -518 930 -803 168 -1472 914 -1959 -1569 1982 -296 662 753 -438 1583 547 254 283 1585 810 625 644 847 1216 -1238 812 599 -1032 793 1759 -1316 164 -1919 1381 -1775 -742 1131 -472 1817 1340 -1832 -138 1026 -1724 
1700 210 -1362 556 1970 1793 258 1072 -1938 -733 1453 -1072 1375 1994 -377 453 -1205 -120 -131 612 766 -951 -1132 -564 -527 1673 -570 -1362 1997 1676 1719 1020 1129 1124 -1004 1599 -225 1870 -882 1506 -332 -1233 44 1947 -1367 705 -1336 -1056 -1197 557 1965 600 295 -1566 1003 -1000 -1665 493 1828 1905 -1037 677 -1789 -1725 -922 -1623 1867 -1771 1991 -1217 -656 1800 -671 -811 -1600 -1913 1561 422 807 -1858 -1537 754 -973 1390 509 609 -674 -1944 1596 546 -1229 -441 -1730 -1238 243 -1258 -432 1827 -611 -59 
1295 1930 1908 -1525 -1085 1600 -12 -1141 -739 -1776 -1560 -458 -1558 1699 -1200 -1780 -1075 807 1842 782 1111 170 -566 -280 -1558 -6 -1902 -251 -1608 1593 1394 -1044 -1275 -1898 327 -1595 1791 852 1963 -736 -1283 -1126 1269 511 1869 1645 -323 -1219 1621 -1092 -417 -1533 -1004 1970 194 1996 1400 -1204 1653 -337 1048 60 -1365 -808 1198 1026 -1053 -980 -699 58 -1591 1999 -731 -1742 -1222 211 -356 627 780 739 -1928 -564 -69 1719 -1135 -1669 843 169 1425 1279 1531 1481 -712 -1845 -1957 1783 -12 -1219 387 100 
1810 119 -420 1453 1379 1670 -711 1678 1134 -294 -1642 1451 -367 1076 536 -1266 -448 1146 -1145 277 1915 1434 1464 -1244 -875 1071 230 -1409 250 -860 -1150 -1738 -1860 -1803 1420 270 142 -200 -1853 -1500 1961 206 -128 249 -263 879 1877 -1452 1389 1607 -120 1771 -612 1897 -1307 -605 -1448 -1737 -500 -342 -1264 -527 329 -1044 893 480 36 -1492 1498 -12 -1712 142 -1518 1233 1710 920 -785 338 -538 -215 -1795 1654 -749 -405 -1278 -1292 -1190 -624 -462 970 1566 1756 -1922 1596 -633 1224 1889 -1066 -1250 -281 
